21 0.310546875 0.84765625 0.087890625 0.10546875
21 0.447265625 0.41998697916666666 0.03515625 0.064453125
5 0.729931640625 0.40748697916666665 0.04541015625 0.146484375
24 0.343212890625 0.3384765690104166 0.04833984375 0.0657551953125
27 0.34150390625 0.37167968749999997 0.0498046875 0.052734375
16 0.67353515625 0.26503906250000003 0.068359375 0.054036458333333336
7 0.72578125 0.32884114583333335 0.017578125 0.009765625
4 0.380078125 0.14036458333333332 0.09375 0.0390625
5 0.380810546875 0.08255208333333335 0.06103515625 0.07291666666666667
5 0.510205078125 0.06985676595052083 0.07568359375000006 0.04361978841145834
6 0.70234375 0.0205078125 0.048828125 0.039713541666666664