42 0.4705499348958333 0.320858203125 0.12109375 0.08447265625
5 0.7947686197916667 0.344769658203125 0.06770833333333333 0.107421875
42 0.3888442057291666 0.40599150390625 0.12174479166666663 0.06494140625
53 0.2970473307291666 0.5843146484375 0.1399739583333333 0.1630859375
5 0.7166436197916667 0.458697138671875 0.06640625 0.07568359375
5 0.6573988606770833 0.46235923828125003 0.05598951822916668 0.08105466796875005
39 0.4126072265625 0.693991259765625 0.08723958333333333 0.05908203125
4 0.5919500651041667 0.5305318994140624 0.059895833333333336 0.08154293945312496
4 0.5222886067708333 0.581313134765625 0.052083333333333336 0.10302734375
39 0.2959367447916667 0.4744226806640625 0.12304687500000004 0.07519536132812499
33 0.27272901692708335 0.32839787109375 0.09309895833333333 0.0615234375
42 0.6294806640625 0.327751611328125 0.06510416666666667 0.07177734375
12 0.6822341927083334 0.213450712890625 0.0683593489583334 0.0390625