57 0.14420572916666666 0.300188330078125 0.11653645833333333 0.08349609375
57 0.3365885416666667 0.167131689453125 0.07682291666666667 0.0771484375
36 0.1396484375 0.11879184570312501 0.11393229166666667 0.06640625000000001
42 0.19596354166666666 0.344377783203125 0.1171875 0.09375
42 0.6061197916666666 0.6131765625 0.14322916666666666 0.09912109375
5 0.2789713541666667 0.65077421875 0.12044270833333333 0.14404296875
52 0.5244140625 0.853166796875 0.17513020833333334 0.2900390625
39 0.3870442708333333 0.641741015625 0.12565104166666666 0.107421875
57 0.5908203125 0.378069189453125 0.11263020833333333 0.0927734375
6 0.6555989583333334 0.785783984375 0.16666666666666666 0.1015625
57 0.4375 0.605608203125 0.15755208333333334 0.07421875
57 0.3125 0.319231298828125 0.19401041666666666 0.10107421875
18 0.6549479166666666 0.86366484375 0.09635416666666667 0.10009765625