9 0.3239889705882353 0.3474264705882353 0.13633578431372548 0.09681372549019608
12 0.2766544117647059 0.3227124183006536 0.044730392156862746 0.05555555555555555
9 0.3402267156862745 0.4554738562091503 0.03707107843137255 0.02369281045751634
6 0.4186580882352941 0.2522467320261438 0.08731617647058823 0.07066993464052287
8 0.45848651960784315 0.23059640522875818 0.009497549019607842 0.01511437908496732
9 0.44378063725490197 0.792687908496732 0.03278186274509804 0.03799019607843137
6 0.7907475490196079 0.38255718954248363 0.24448529411764705 0.10008169934640523
8 0.6749387254901961 0.3735702614379085 0.012254901960784314 0.03145424836601307
26 0.7671568627450981 0.31719771241830064 0.12622549019607843 0.0625
28 0.8204656862745098 0.3145424836601307 0.020833333333333332 0.03839869281045752
9 0.8010110294117647 0.7886029411764706 0.20802696078431374 0.14991830065359477
28 0.7086397058823529 0.7651143790849673 0.02389705882352941 0.05228758169934641
