50 0.052083333333333336 0.04388254289215686 0.034722222222222224 0.02849264705882353
55 0.10008169934640523 0.145913125 0.13562091503267973 0.0585171568627451
32 0.07066993464052287 0.08196635723039215 0.035130718954248366 0.03921568014705883
55 0.5209468137254902 0.1488236580882353 0.10416666666666667 0.08272060049019608
36 0.5897785130718954 0.19500081801470587 0.05718954248366013 0.04993872549019608
4 0.6050971405228759 0.19714542585784314 0.0763888888888889 0.1246936274509804
46 0.6872049836601307 0.3375066176470588 0.08047385620915033 0.06770833333333333
50 0.6261347222222222 0.37151397058823526 0.07026143790849673 0.04503676470588235
50 0.3624500939542484 0.3884666053921568 0.0428921568627451 0.03768382352941176
17 0.3269108782679739 0.48871847426470594 0.09272875816993464 0.03278186274509804
49 0.2020016339869281 0.3982705269607843 0.068218954248366 0.05606617647058824
32 0.21875 0.456328125 0.06495098039215687 0.06066176470588235
