4 0.2817982456140351 0.476425 0.07456140350877193 0.0585
12 0.32593201754385964 0.44017500000000004 0.08607456140350878 0.0245
5 0.4152960526315789 0.443175 0.09375 0.028
4 0.3969298245614035 0.42867500000000003 0.13157894736842105 0.0265
12 0.5518092105263158 0.43267500000000003 0.0400219298245614 0.019
40 0.5800438596491229 0.4043 0.3782894736842105 0.11225
40 0.6795504385964912 0.50005 0.31743421052631576 0.07874999999999995
29 0.803453947368421 0.332425 0.05098684210526316 0.041
47 0.4862938596491228 0.223175001525 0.9671052631578947 0.44499999695000003
12 0.4608004385964912 0.46292500000000003 0.06743421052631579 0.026
29 0.5578399122807017 0.461175 0.10142543859649122 0.0275
29 0.8429276315789473 0.307925 0.03453947368421053 0.0205
33 0.8813048245614035 0.412425 0.014802631578947368 0.0075
55 0.8536184210526315 0.42055000000000003 0.0756578947368421 0.00625