5 0.691095860745614 0.3896875 0.2945205592105263 0.184375
21 0.2142543832236842 0.055674995250000005 0.22039474232456138 0.0977499995
39 0.34172149122807016 0.07279999499999999 0.06140350877192982 0.023999999999999994
32 0.16025219298245616 0.324525025 0.0893640350877193 0.02775
36 0.23947368421052628 0.33902502500000004 0.08826754385964909 0.04575
36 0.3943530701754386 0.3014000175 0.20668859649122806 0.09200001500000002
16 0.5242872807017543 0.258375 0.3267543859649123 0.07225
42 0.5623903508771929 0.6365 0.12609649122807018 0.07
40 0.48124999999999996 0.599625 0.06524122807017543 0.03975
40 0.6035087719298246 0.578 0.10855263157894737 0.069
40 0.7598135964912281 0.595125 0.15789473684210525 0.04475
29 0.8634868421052632 0.7167749999999999 0.12828947368421054 0.06075
29 0.6423793859649123 0.84805 0.10142543859649122 0.0505