29 0.30675 0.463515625 0.202 0.1305
31 0.15791926666666667 0.38415235000000003 0.067 0.05025
39 0.4540807333333333 0.7299023499999999 0.15466666666666667 0.06225
39 0.57725 0.47465234999999995 0.111 0.14374999999999993
39 0.5777526000000001 0.7225273499999999 0.07866666666666666 0.055
39 0.11191406500000001 0.55777735 0.07700000333333334 0.045
39 0.13091666666666665 0.43866404999999997 0.10966666666666666 0.05125
39 0.5559192666666667 0.36816404999999996 0.095 0.05725
39 0.5561666666666667 0.27228905625 0.11766666666666667 0.06449998749999998
39 0.2783333333333333 0.32741404999999996 0.056 0.08325
39 0.04416666666666667 0.161925775 0.08366666666666667 0.05275
39 0.5025 0.45855077499999997 0.079 0.04375
39 0.3265 0.932550775 0.073 0.043
39 0.68 0.5951757750000001 0.15 0.04725
39 0.5866666666666667 0.1706875 0.05266666666666667 0.03075
39 0.645 0.6498125 0.114 0.074
39 0.31716666666666665 0.8060625 0.08166666666666667 0.0405
39 0.17066666666666666 0.6473125 0.06133333333333333 0.036
39 0.8436666666666667 0.7083242249999999 0.14433333333333334 0.11525
39 0.9218333333333333 0.715824225 0.04 0.06475
38 0.9566666666666667 0.6890742249999999 0.06533333333333333 0.06975
32 0.9455 0.5859492249999999 0.077 0.0435