6 0.2530555666666667 0.47325 0.107 0.0775
6 0.30605556666666667 0.731375 0.06666666666666667 0.18275
6 0.67611115 0.5778333750000001 0.16066670000000008 0.0615
6 0.5456111333333333 0.42545835 0.08333333333333333 0.10475
4 0.5078333333333334 0.196208325 0.07833333333333334 0.03475
14 0.7520555 0.291125 0.058333333333333334 0.03325
6 0.3999666666666667 0.07133332875 0.06366666666666666 0.031499992500000004
49 0.5119666666666667 0.0455833325 0.03966666666666667 0.0075
36 0.4451333333333334 0.0605333325 0.052 0.0185
29 0.8331666666666667 0.6730083499999999 0.034333333333333334 0.01775
21 0.5471444333333333 0.37327499999999997 0.04766666666666667 0.03175
9 0.5329777666666666 0.3509 0.108 0.037
31 0.5409777666666666 0.32502499999999995 0.05466666666666667 0.02075
