12 0.29375 0.37921875 0.15 0.08125
42 0.5236666666666666 0.6195499999999999 0.21333333333333335 0.10325
29 0.2956666666666667 0.6680499999999999 0.086 0.05125
29 0.6478333333333334 0.5154249999999999 0.18166666666666667 0.18249999999999994
29 0.5618333333333333 0.4768 0.03833333333333333 0.03075
31 0.4035 0.5488 0.08033333333333334 0.06975
29 0.4186666666666667 0.49392499999999995 0.07333333333333333 0.04549999999999994
29 0.5083333333333333 0.051174999624999995 0.07533333333333334 0.10050000075
29 0.6773333333333333 0.5975499999999999 0.13066666666666665 0.08425
29 0.15883333333333333 0.8309249999999999 0.06166666666666667 0.0325
57 0.7033333333333334 0.40142500000000003 0.05533333333333333 0.021
57 0.6756666666666666 0.425425 0.052 0.0255
39 0.5825 0.88155 0.06166666666666667 0.04375