40 0.262 0.293375 0.12633333333333333 0.07775
38 0.16133333333333333 0.365875 0.32266666666666666 0.13325
31 0.042833333333333334 0.467 0.084 0.078
33 0.3275 0.423125 0.07633333333333334 0.04275
31 0.13133333333333333 0.425875 0.06766666666666667 0.03175
14 0.18216666666666667 0.449375 0.08633333333333333 0.03175
40 0.21633333333333332 0.47725 0.09033333333333333 0.0425
25 0.2798333333333333 0.501625 0.04133333333333333 0.02875
46 0.3115 0.533875 0.07366666666666667 0.06175
40 0.415 0.57125 0.113 0.1255
39 0.42083333333333334 0.651375 0.08633333333333333 0.07225
39 0.5463333333333333 0.236375 0.042333333333333334 0.01375
39 0.651 0.43875 0.050666666666666665 0.0245
39 0.786 0.41325 0.059333333333333335 0.0265
39 0.8616666666666667 0.463375 0.132 0.08875
39 0.9635 0.353125 0.07033333333333333 0.02725
49 0.5796666666666667 0.397875 0.032 0.03925
45 0.6396666666666667 0.41125 0.14466666666666667 0.0605
33 0.5778333333333333 0.385625 0.06433333333333334 0.05475
34 0.7005 0.276125 0.13433333333333333 0.05625
45 0.697 0.315125 0.07933333333333334 0.04475
31 0.833 0.69125 0.09066666666666667 0.0585
33 0.7796666666666666 0.70225 0.024 0.0215
33 0.7896666666666666 0.67775 0.03866666666666667 0.0285
32 0.8813333333333333 0.721 0.056 0.042
45 0.9478333333333333 0.791125 0.09166666666666666 0.11425
31 0.8496666666666667 0.76875 0.028 0.0175
39 0.9596666666666667 0.700375 0.06733333333333333 0.06725
39 0.0585 0.311 0.077 0.027