46 0.22016666666666668 0.395375 0.10033333333333333 0.10325
39 0.20333333333333334 0.355625 0.050666666666666665 0.03125
46 0.4025 0.5525 0.20366666666666666 0.1165
5 0.47733333333333333 0.507625 0.16733333333333333 0.09025
7 0.54 0.5385 0.05266666666666667 0.0365
55 0.6535 0.55575 0.129 0.0805
39 0.609 0.5505 0.09533333333333334 0.086
14 0.749 0.61675 0.094 0.0825
46 0.6101666666666666 0.659625 0.21766666666666667 0.09125
6 0.8251666666666667 0.715375 0.24233333333333335 0.09775
39 0.7106666666666667 0.62325 0.15733333333333333 0.118