33 0.20766666666666667 0.028375 0.024333333333333332 0.00725
32 0.31683333333333336 0.077 0.009 0.005
33 0.279 0.13075 0.028333333333333332 0.0185
33 0.4205 0.05075 0.043 0.021
33 0.654 0.0655 0.019666666666666666 0.0065
33 0.763 0.12125 0.03333333333333333 0.0215
36 0.6273333333333333 0.332875 0.08366666666666667 0.03325
32 0.619 0.306875 0.122 0.06075
36 0.6143333333333333 0.279375 0.047 0.02275
33 0.673 0.2945 0.04733333333333333 0.016
33 0.4671666666666667 0.20675 0.018333333333333333 0.006
33 0.5576666666666666 0.204375 0.03766666666666667 0.01225
33 0.8013333333333333 0.570625 0.042666666666666665 0.02275
33 0.7436666666666667 0.692125 0.17966666666666667 0.09825
40 0.64 0.646125 0.17266666666666666 0.11975
33 0.012666666666666666 0.60525 0.018666666666666668 0.013
39 0.30183333333333334 0.4325 0.02666666666666667 0.019
39 0.208 0.4195 0.04 0.0295
33 0.103 0.400375 0.11033333333333334 0.04425
33 0.3455 0.174125 0.016666666666666666 0.00525
33 0.8231666666666667 0.026125 0.018666666666666668 0.00425