4 0.45050093333333335 0.7951292 0.13433333333333333 0.084
6 0.6508494 0.7888764 0.044333333333333336 0.05175
42 0.5436827333333333 0.861955925 0.14433333333333334 0.0555
4 0.6252424 0.7424445749999999 0.09466666666666666 0.02825
33 0.6489090333333334 0.7141945749999999 0.07399993333333327 0.04575
4 0.4910757333333333 0.82610365 0.049 0.07225
4 0.6791969333333333 0.630671875 0.12566666666666668 0.06775
32 0.4332575766666667 0.694850825 0.4792424466666667 0.39363634999999997
33 0.7956211666666666 0.9461917 0.057666666666666665 0.0645
33 0.7771211666666666 0.6574645 0.015333333333333332 0.012
33 0.6904545 0.7706008249999999 0.06466666666666666 0.0435
33 0.5982878333333334 0.774100825 0.07233333333333333 0.024
33 0.33316666666666667 0.73375 0.058333333333333334 0.027