36 0.33 0.845125 0.23866666666666667 0.18875
36 0.38333333333333336 0.585 0.22933333333333333 0.0655
36 0.44566666666666666 0.64575 0.12466666666666666 0.1105
36 0.36816666666666664 0.468125 0.09566666666666666 0.06125
36 0.4851666666666667 0.45375 0.14633333333333334 0.166
36 0.5831666666666667 0.496875 0.22833333333333333 0.22225
36 0.5856666666666667 0.545 0.084 0.1065
36 0.7355 0.646875 0.10966666666666666 0.09425
36 0.6878333333333333 0.72525 0.08766666666666667 0.0635
12 0.6463333333333333 0.728375 0.046 0.03525
5 0.6171666666666666 0.7075 0.03833333333333333 0.026
33 0.5646666666666667 0.746375 0.12733333333333333 0.06125
33 0.6106666666666667 0.794375 0.112 0.09425
33 0.7378333333333333 0.969625 0.069 0.04475
33 0.9116666666666666 0.7 0.176 0.1245
33 0.9225 0.60025 0.15366666666666667 0.0705
21 0.9368333333333333 0.929875 0.12366666666666666 0.11675
20 0.9575 0.836125 0.08366666666666667 0.05625
39 0.8375 0.944125 0.04566666666666667 0.04625
55 0.8013333333333333 0.727625 0.08466666666666667 0.00675
16 0.813 0.7385 0.09066666666666667 0.091
45 0.684 0.75775 0.088 0.0415
42 0.6468333333333334 0.679375 0.060333333333333336 0.05675
42 0.6255 0.63 0.037 0.0425
39 0.9431666666666667 0.655 0.08833333333333333 0.0265
39 0.8363333333333334 0.499625 0.05266666666666667 0.02975
29 0.954 0.5395 0.09133333333333334 0.1275
42 0.6986666666666667 0.484625 0.042666666666666665 0.02975
38 0.5275 0.64775 0.431 0.22
29 0.513 0.584375 0.018 0.01425
29 0.5321666666666667 0.862 0.05633333333333333 0.023