51 0.661 0.06275 0.248 0.066
14 0.7823333333333333 0.0265 0.108 0.033
12 0.759 0.228375 0.08466666666666667 0.05475
51 0.6773333333333333 0.225125 0.11466666666666667 0.03775
4 0.8108333333333333 0.652875 0.09966666666666667 0.09575
33 0.9456666666666667 0.45425 0.09933333333333333 0.081
55 0.8491666666666666 0.499 0.049 0.1525
29 0.543 0.516625 0.05533333333333333 0.05025
29 0.6406666666666667 0.264 0.08133333333333333 0.042
7 0.19833333333333333 0.496375 0.044 0.02425
7 0.316 0.914 0.048 0.0375