33 0.08027776833333333 0.7986666750000001 0.04666666333333333 0.0375
29 0.3056111 0.8175 0.039 0.041
31 0.5251111 0.893625 0.035 0.02075
31 0.17894443333333335 0.746375 0.057666666666666665 0.02675
28 0.5866111 0.770875 0.026 0.01825
30 0.3411111 0.647916675 0.15333333333333332 0.136
0 0.21727776666666668 0.564666675 0.06666666666666667 0.0385
4 0.34144443333333335 0.646541675 0.10466666666666667 0.06625
4 0.42227776666666667 0.640916675 0.08933333333333333 0.038
4 0.5542778 0.634125 0.10166666666666667 0.07475
4 0.6850555666666668 0.73125 0.19866666666666674 0.165
4 0.7756666666666666 0.716 0.178 0.1795
12 0.8863889 0.881625 0.08733333333333333 0.04975
29 0.9738333333333333 0.828 0.049 0.0895