14 0.11541774332472007 0.921390503875969 0.22825150732127478 0.1000484496124031
21 0.5273471145564169 0.7349806201550387 0.15805340223944875 0.0872093023255814
14 0.7039190353143842 0.7686531007751938 0.10120585701981051 0.09593023255813954
29 0.64900947459087 0.6877422480620154 0.12747631352282515 0.03246124031007752
30 0.6998277347114557 0.6726017441860465 0.32299741602067183 0.19016472868217055
39 0.5523255813953488 0.4689922480620155 0.034022394487510765 0.017926356589147287
39 0.5708440999138673 0.4591812015503876 0.111541774332472 0.02640503875968992
39 0.5021533161068045 0.38723352713178294 0.21791559000861327 0.07437015503875968
39 0.6543927648578811 0.3651889534883721 0.06675279931093885 0.02931201550387597
33 0.7366494401378122 0.20772771317829458 0.08311800172265288 0.017199612403100775
39 0.34689922480620156 0.06128875968992248 0.06847545219638243 0.020833333333333332
39 0.3858742463393626 0.047238372093023256 0.07751937984496124 0.02374031007751938