4 0.5751953125 0.149169921875 0.09830729166666667 0.06982421875
14 0.5882161458333334 0.2421875 0.09114583333333333 0.0859375
5 0.4212239583333333 0.654541015625 0.09505208333333333 0.09912109375
4 0.6123046875 0.6455078125 0.10807291666666667 0.0732421875
55 0.3486328125 0.53759765625 0.09700520833333333 0.10546875
5 0.572265625 0.815673828125 0.13606770833333334 0.11474609375
38 0.7379557291666666 0.666015625 0.08138020833333333 0.189453125
40 0.7604166666666666 0.760009765625 0.15299479166666666 0.12841796875
33 0.21907552083333334 0.90234375 0.048828125 0.0390625
33 0.5406901041666666 0.958984375 0.22395833333333334 0.0419921875
6 0.4134114583333333 0.21533203125 0.0703125 0.0419921875
55 0.2942708333333333 0.969970703125 0.10026041666666667 0.05810546875
29 0.4925130208333333 0.265869140625 0.037760416666666664 0.02001953125