16 0.3268733850129199 0.08684593023255814 0.09302325581395349 0.03997093023255814
29 0.3789836347975883 0.5186531007751938 0.1511627906976744 0.08672480620155039
36 0.12532299741602068 0.6786579457364341 0.06890611541774333 0.07824612403100775
29 0.6787252368647717 0.7658672480620154 0.034022394487510765 0.020591085271317828
0 0.7853143841515935 0.3936531007751938 0.1511627906976744 0.060077519379844964
30 0.849483204134367 0.48655523255813954 0.24375538329026702 0.13638565891472867
24 0.6492248062015504 0.5232558139534884 0.09689922480620156 0.06782945736434108
28 0.4763135228251507 0.513687015503876 0.03316106804478897 0.013808139534883721
0 0.1649440137812231 0.4588178294573643 0.16192937123169682 0.10319767441860465
0 0.285099052540913 0.46765988372093026 0.10809646856158484 0.09375
30 0.12381567614125753 0.48825096899224807 0.2467700258397933 0.11167635658914729
0 0.9330318690783808 0.47008236434108525 0.056416881998277345 0.016715116279069766
0 0.6623600344530577 0.07109980620155039 0.034022394487510765 0.025436046511627907
32 0.8916881998277347 0.5335513565891473 0.021963824289405683 0.015261627906976744
