5 0.91296875 0.5383333235677084 0.09218750000000009 0.13333331380208335
6 0.24109376220703127 0.7608333333333333 0.1390625048828125 0.17083333333333325
6 0.5778124755859375 0.45249999999999996 0.10468745117187495 0.125
5 0.27624999267578126 0.5170833333333333 0.05625001464843751 0.16249999999999995
6 0.5848437255859376 0.3358333333333334 0.12812504882812503 0.09166666666666667
6 0.7770312255859375 0.530625 0.12031245117187495 0.052083333333333336
16 0.455156240234375 0.5577083235677084 0.06562501953125 0.11041668619791671
7 0.8559375 0.8004166666666667 0.034375000000000044 0.04583333333333339
7 0.635625 0.4666666666666666 0.0234375 0.024999999999999984
33 0.6520312500000001 0.6958333333333333 0.04843750000000002 0.11250000000000004
33 0.6989062255859375 0.496875 0.028125048828125054 0.03125
33 0.10984375 0.4458333333333333 0.0796875 0.06666666666666665
5 0.27859375 0.3791666666666667 0.10937499999999997 0.06666666666666665
5 0.2528125 0.28020833333333334 0.06874999999999998 0.06458333333333333
5 0.20046875 0.16354166666666667 0.03749999999999998 0.04791666666666666
16 0.1246875 0.07041667317708333 0.05937500000000001 0.029166666666666674