6 0.82421875 0.4795833333333333 0.0796875000000001 0.0604166666666667
6 0.08256740196078431 0.9122549019607843 0.020526960784313725 0.03227124183006536
29 0.36550245098039214 0.6424428104575164 0.2604166666666667 0.23447712418300654
12 0.38434436274509803 0.22883986519607846 0.04136029411764706 0.06413399509803924
4 0.3353247549019608 0.2153594730392157 0.06770833333333333 0.09109477941176473
6 0.600796568627451 0.416952614379085 0.034926470588235295 0.049836601307189546
52 0.4600183823529412 0.5149918300653595 0.11060049019607843 0.07598039215686274
0 0.5249693627450981 0.7112745098039216 0.03707107843137255 0.05024509803921569
33 0.7526041666666666 0.7441584967320262 0.06525735294117647 0.06290849673202614
39 0.828890931372549 0.6608251633986928 0.048100490196078434 0.03839869281045752
4 0.7933517156862745 0.1540849632352941 0.036458333333333336 0.027369272875816992
4 0.7930453431372549 0.11895424428104573 0.036458333333333336 0.027369272875816992
52 0.6251531862745098 0.8989787581699346 0.015012254901960785 0.1307189542483659
52 0.7665441176470589 0.8154411764705881 0.05821078431372549 0.05759803921568618