14 0.029086538461538462 0.6634615384615384 0.057451923076923074 0.08205128205128205
36 0.1764423076923077 0.5828525641025641 0.10192307692307692 0.11314102564102564
41 0.2387019230769231 0.4985576923076923 0.08533653846153846 0.11442307692307692
45 0.32908653846153846 0.5371794871794872 0.047115384615384615 0.075
39 0.29591346153846154 0.5435897435897435 0.02860576923076923 0.057692307692307696
39 0.3794471153846154 0.5248397435897436 0.056490384615384616 0.06570512820512821
39 0.675 0.5846153846153846 0.11153846153846154 0.15256410256410258
39 0.5769230769230769 0.5581730769230769 0.11706730769230769 0.1605769230769231
39 0.4855769230769231 0.5400641025641025 0.08605769230769231 0.0782051282051282
39 0.6584134615384616 0.4511217948717949 0.09447115384615384 0.1233974358974359
39 0.7432692307692308 0.39807692307692305 0.1076923076923077 0.09807692307692308
39 0.5743990384615385 0.3613782051282051 0.3557692307692308 0.1362179487179487
39 0.8594951923076923 0.6602564102564102 0.08966346153846154 0.1544871794871795
39 0.7786057692307692 0.573076923076923 0.06514423076923077 0.07435897435897436
39 0.9302884615384616 0.1466346153846154 0.05985576923076923 0.02532051282051282
21 0.8181490384615384 0.9245192307692308 0.04975961538461538 0.07724358974358975