29 0.327724358974359 0.060697115384615384 0.041025641025641026 0.020432692307692308
33 0.4342948717948718 0.43197115384615387 0.04871794871794872 0.06538461538461539
47 0.023237179487179488 0.8355769230769231 0.04551282051282051 0.08221153846153846
33 0.9141025641025641 0.9669471153846154 0.12051282051282051 0.065625
42 0.6233974358974359 0.8966346153846154 0.061217948717948716 0.04038461538461539
38 0.930448717948718 0.8002403846153846 0.13525641025641025 0.16298076923076923
40 0.8189102564102564 0.6979567307692308 0.225 0.09399038461538461
21 0.7684294871794872 0.7039663461538461 0.06634615384615385 0.051201923076923075
55 0.7240384615384615 0.7100961538461539 0.04935897435897436 0.009134615384615385
16 0.676923076923077 0.5308894230769231 0.10256410256410256 0.029086538461538462
55 0.7354166666666667 0.5223557692307692 0.015705128205128205 0.01971153846153846
33 0.7985576923076924 0.44903846153846155 0.04519230769230769 0.04038461538461539
33 0.6177884615384616 0.5971153846153846 0.12788461538461537 0.041346153846153845
41 0.5751602564102564 0.5412259615384616 0.29262820512820514 0.15408653846153847
5 0.12355769230769231 0.5117788461538462 0.10673076923076923 0.03798076923076923
36 0.2921474358974359 0.5913461538461539 0.4394230769230769 0.15
36 0.4041666666666667 0.3998798076923077 0.013461538461538462 0.03389423076923077
38 0.9208333333333333 0.4108173076923077 0.15705128205128205 0.10865384615384616
38 0.8983974358974359 0.04423076923076923 0.03782051282051282 0.06586538461538462
38 0.8565705128205128 0.5695913461538461 0.27403846153846156 0.17716346153846155
33 0.6089743589743589 0.7831730769230769 0.11794871794871795 0.052403846153846155
33 0.45528846153846153 0.7868990384615384 0.15737179487179487 0.03341346153846154
14 0.6282051282051282 0.016466346153846154 0.03076923076923077 0.031009615384615385
38 0.3623397435897436 0.01766826923076923 0.12980769230769232 0.03485576923076923
38 0.3940705128205128 0.04483173076923077 0.04583333333333333 0.024278846153846154