39 0.10481770833333333 0.81591796875 0.14583333333333334 0.0966796875
12 0.5966796875 0.556884765625 0.22721354166666666 0.17431640625
21 0.40625 0.459228515625 0.1640625 0.17626953125
21 0.6608072916666666 0.50439453125 0.14973958333333334 0.1103515625
55 0.6018880208333334 0.45458984375 0.166015625 0.1826171875
5 0.5709635416666666 0.394775390625 0.13932291666666666 0.16259765625
7 0.33984375 0.52587890625 0.049479166666666664 0.0478515625
21 0.4524739583333333 0.60791015625 0.21354166666666666 0.125
55 0.5035807291666666 0.567626953125 0.09830729166666667 0.04638671875
27 0.5732421875 0.611328125 0.09309895833333333 0.0595703125
33 0.6360677083333334 0.72998046875 0.171875 0.0791015625