0 0.09089828897338403 0.4328263513513514 0.016634980988593156 0.036755405405405395
45 0.11181083650190114 0.6679341216216217 0.032081749049429654 0.06421630067567569
0 0.09315589353612168 0.7384875422297297 0.027328897338403043 0.0481622466216216
39 0.46269011406844107 0.7961554898648648 0.15826996197718632 0.1229404560810811
45 0.589115969581749 0.7731305320945946 0.03849809885931559 0.06928597972972979
14 0.563569391634981 0.7792564400337838 0.06487642585551331 0.11956059966216218
38 0.468037072243346 0.7063793918918919 0.07295627376425856 0.11998310810810806
5 0.4354800380228137 0.6932826224662162 0.03303231939163498 0.09885933277027026
39 0.372861216730038 0.5354879434121621 0.0370722433460076 0.07477825168918913
39 0.45449144486692017 0.5610477829391892 0.031606463878326996 0.09632445101351358
47 0.5100998098859315 0.37304605152027026 0.03065589353612167 0.06844108952702702