29 0.2855622983870968 0.9319556451612904 0.18178763440860216 0.040826612903225805
29 0.626736122311828 0.7917506804435485 0.09375 0.057459677419354836
29 0.29995520833333333 0.6091229838709677 0.014112903225806451 0.006048387096774193
29 0.3391017137096774 0.6242439516129032 0.02721774193548387 0.019153225806451613
29 0.40681004704301077 0.6145413306451613 0.01747311827956989 0.012852822580645162
29 0.4484767137096774 0.6285282258064516 0.016801075268817203 0.008568548387096774
29 0.7433355846774194 0.6779233870967742 0.019153225806451613 0.015120967741935484
29 0.3182683803763441 0.5271757812500001 0.022513440860215055 0.017893145161290324
29 0.8254928427419356 0.626722152217742 0.015456989247311828 0.016381048387096774
29 0.20502913306451612 0.6185316280241936 0.014448924731182795 0.01310483870967742
29 0.8797603158602151 0.7973790322580645 0.01243279569892473 0.005544354838709678
47 0.5435707997311828 0.43048555947580647 0.05779569892473118 0.04359879032258065
29 0.6608423051075268 0.04725302419354839 0.01747311827956989 0.011844758064516129