14 0.22001763668430335 0.3159722222222222 0.10802469135802469 0.042162698412698416
40 0.20326278659611993 0.33407738095238093 0.08994708994708994 0.01488095238095238
5 0.22729276895943562 0.3401537698412698 0.027336860670194002 0.01066468253968254
14 0.4124779541446208 0.32056051587301587 0.13624338624338625 0.08556547619047619
47 0.3287037037037037 0.36594742063492064 0.03791887125220458 0.004216269841269841
45 0.32275132275132273 0.35131448412698413 0.048500881834215165 0.014632936507936508
47 0.08840388007054674 0.3819444444444444 0.05026455026455026 0.012896825396825396
40 0.3212081128747795 0.3880208333333333 0.15476190476190477 0.03943452380952381
47 0.41556437389770723 0.4273313492063492 0.08465608465608465 0.02132936507936508
45 0.19400352733686066 0.34672619047619047 0.023809523809523808 0.008432539682539682
14 0.028659611992945325 0.40637400793650796 0.03571428571428571 0.009176587301587302
40 0.14307760141093476 0.34933035714285715 0.14858906525573193 0.011160714285714286
0 0.02821869488536155 0.33705357142857145 0.034832451499118164 0.005456349206349206
0 0.08950617283950617 0.4269593253968254 0.07495590828924162 0.012648809523809524
0 0.2927689594356261 0.41183035714285715 0.04717813051146384 0.012648809523809524
0 0.2138447971781305 0.36123511904761907 0.04056437389770723 0.007192460317460317
0 0.3904320987654321 0.3818204365079365 0.02292768959435626 0.006696428571428571
0 0.5835537918871252 0.45027281746031744 0.05246913580246913 0.011160714285714286
0 0.7623456790123457 0.3726438492063492 0.02513227513227513 0.005704365079365079
31 0.5716490299823633 0.6180555555555556 0.11684303350970017 0.025793650793650792
21 0.6772486772486772 0.4029017857142857 0.03306878306878307 0.013640873015873016
21 0.8331128747795414 0.35652281746031744 0.03130511463844797 0.011656746031746032
29 0.32936507936507936 0.41431051587301587 0.023368606701940034 0.011656746031746032
29 0.6278659611992945 0.38256448412698413 0.010582010582010581 0.007688492063492063
47 0.6018518518518519 0.40935019841269843 0.05246913580246913 0.012648809523809524
47 0.7215608465608465 0.3618551587301587 0.041005291005291 0.008928571428571428
47 0.7261904761904762 0.34188988095238093 0.03835978835978836 0.00818452380952381
47 0.791005291005291 0.35441468253968256 0.03968253968253968 0.008432539682539682
47 0.46119929453262787 0.36421130952380953 0.0427689594356261 0.008680555555555556
39 0.06261022927689594 0.35453869047619047 0.04497354497354497 0.007192460317460317
39 0.6144179894179894 0.31721230158730157 0.08024691358024691 0.05704365079365079
39 0.5376984126984127 0.35714285714285715 0.11948853615520282 0.04365079365079365
5 0.8776455026455027 0.373015873015873 0.05114638447971781 0.013888888888888888
5 0.8602292768959435 0.3556547619047619 0.019400352733686066 0.011904761904761904
5 0.9581128747795414 0.3658234126984127 0.03042328042328042 0.013888888888888888
5 0.6177248677248677 0.3931051587301587 0.059082892416225746 0.012896825396825396
21 0.6673280423280423 0.3570188492063492 0.018518518518518517 0.017609126984126984
21 0.621031746031746 0.36321924603174605 0.0974426807760141 0.021081349206349208
21 0.8201058201058201 0.4045138888888889 0.10978835978835978 0.030753968253968252
0 0.018738977072310405 0.39719742063492064 0.033950617283950615 0.014136904761904762
14 0.00992063492063492 0.4099702380952381 0.019400352733686066 0.015873015873015872
47 0.6362433862433863 0.35193452380952384 0.04056437389770723 0.005952380952380952
47 0.6827601410934744 0.359375 0.014991181657848324 0.005952380952380952
33 0.019400352733686066 0.3835565476190476 0.03791887125220458 0.012648809523809524
14 0.6646825396825397 0.31634424603174605 0.0445326278659612 0.046875
5 0.6532186948853616 0.2906746031746032 0.03218694885361552 0.00992063492063492
40 0.7213403880070547 0.35540674603174605 0.06966490299823633 0.010416666666666666
40 0.6915784832451499 0.31646825396825395 0.009259259259259259 0.00496031746031746
40 0.7416225749559083 0.31361607142857145 0.04144620811287478 0.006696428571428571
40 0.43871252204585537 0.36681547619047616 0.01763668430335097 0.005456349206349206
40 0.4645061728395062 0.36049107142857145 0.028659611992945325 0.007688492063492063
16 0.37896825396825395 0.18563988095238096 0.03835978835978836 0.009176587301587302