14 0.26045673076923076 0.5605769230769231 0.09591346153846154 0.14487179487179488
40 0.20625 0.6192307692307693 0.16033653846153847 0.16923076923076924
29 0.11923076923076924 0.9434294871794872 0.14615384615384616 0.1125
22 0.31286057692307695 0.8310897435897436 0.09086538461538461 0.1391025641025641
30 0.25348557692307694 0.860897435897436 0.11514423076923076 0.10064102564102564
16 0.4795673076923077 0.45528846153846153 0.15216346153846153 0.11634615384615385
40 0.42091346153846154 0.5434294871794871 0.051923076923076926 0.09583333333333334
36 0.4902644230769231 0.6650641025641025 0.3581730769230769 0.48717948717948717
36 0.4403846153846154 0.58125 0.01971153846153846 0.06057692307692308
36 0.45865384615384613 0.6754807692307693 0.036298076923076926 0.07916666666666666
42 0.4286057692307692 0.7376602564102565 0.03125 0.06955128205128205
16 0.6780048076923076 0.12532051282051282 0.18725961538461539 0.24871794871794872
42 0.6173076923076923 0.047596153846153844 0.146875 0.09391025641025641
57 0.8739182692307692 0.350801282051282 0.18245192307692307 0.25096153846153846
30 0.6286057692307693 0.4150641025641026 0.1329326923076923 0.10384615384615385
40 0.713701923076923 0.46330128205128207 0.11778846153846154 0.14326923076923076
39 0.6663461538461538 0.6038461538461538 0.01706730769230769 0.035256410256410256
39 0.7004807692307692 0.7645833333333333 0.10961538461538461 0.13237179487179487