29 0.1388221153846154 0.22435897435897437 0.006009615384615385 0.010897435897435897
27 0.22524038461538462 0.3525641025641026 0.01658653846153846 0.04551282051282051
29 0.21598557692307693 0.4096153846153846 0.1141826923076923 0.09038461538461538
39 0.23521634615384615 0.32083333333333336 0.01730769230769231 0.021794871794871794
29 0.12007211538461539 0.777724358974359 0.051682692307692304 0.15096153846153845
39 0.5403846153846154 0.9644230769230769 0.03413461538461538 0.04230769230769231
29 0.4676682692307692 0.9161858974358974 0.04735576923076923 0.032371794871794875
55 0.765625 0.5181089743589744 0.026442307692307692 0.14967948717948718
40 0.7546875 0.47884615384615387 0.10841346153846154 0.1891025641025641
26 0.5485576923076924 0.6993589743589743 0.03894230769230769 0.0782051282051282
39 0.5771634615384615 0.6706730769230769 0.08028846153846154 0.10865384615384616
4 0.3194711538461538 0.5810897435897436 0.03365384615384615 0.09935897435897435
29 0.4096153846153846 0.5511217948717949 0.06346153846153846 0.08044871794871795
39 0.4098557692307692 0.14439102564102563 0.023557692307692307 0.04262820512820513