12 0.660884030418251 0.6561047508445946 0.012357414448669201 0.02112377533783781
14 0.6514971482889734 0.6622306587837837 0.026615969581749048 0.0266159628378379
5 0.7268298479087453 0.23933249577702706 0.01164448669201521 0.02070130912162159
36 0.48265209125475284 0.22961554054054054 0.015922053231939164 0.018166469594594586
32 0.4636406844106464 0.3189691638513514 0.01806083650190114 0.008449510135135162
33 0.08103612167300381 0.49725390624999993 0.022100760456273766 0.02619353885135135
27 0.5904230038022814 0.6685677787162162 0.004515209125475285 0.007182094594594599
27 0.5804420152091255 0.7674271326013514 0.0042775665399239545 0.006337119932432436
29 0.7066302281368821 0.7272919130067568 0.02067490494296578 0.01647656249999998
29 0.7043726235741445 0.44571186655405404 0.028279467680608364 0.049007179054054044
49 0.5554895437262357 0.489015625 0.006891634980988593 0.008027027027027043
29 0.778041825095057 0.5445711993243244 0.005465779467680608 0.008449493243243216