41 0.09775641025641026 0.05564903846153846 0.1955128205128205 0.11129807692307692
31 0.42403846153846153 0.034735576923076925 0.09294871794871795 0.06947115384615385
14 0.9399038461538461 0.18677884615384616 0.1189102564102564 0.04519230769230769
14 0.5846153846153846 0.1609375 0.09294871794871795 0.07524038461538461
39 0.4155448717948718 0.2924278846153846 0.1753205128205128 0.09014423076923077
39 0.46778846153846154 0.30072115384615383 0.0919871794871795 0.11971153846153847
39 0.2173076923076923 0.6204326923076923 0.2064102564102564 0.08846153846153847
27 0.5610576923076923 0.1265625 0.0266025641025641 0.021875
39 0.5721153846153846 0.6996394230769231 0.04038461538461539 0.10360576923076924
31 0.28076923076923077 0.1969951923076923 0.11153846153846154 0.09783653846153846
4 0.5051282051282051 0.1671875 0.16666666666666666 0.15745192307692307
4 0.6400641025641025 0.27920673076923075 0.22371794871794873 0.17379807692307692
4 0.44471153846153844 0.3878605769230769 0.31826923076923075 0.10360576923076924
4 0.6006410256410256 0.4774038461538462 0.3192307692307692 0.12884615384615383
4 0.764102564102564 0.653485576923077 0.2903846153846154 0.22091346153846153
4 0.6225961538461539 0.6716346153846153 0.17467948717948717 0.26875
4 0.43846153846153846 0.6133413461538462 0.15256410256410258 0.2502403846153846
4 0.41362179487179485 0.2525240384615385 0.2644230769230769 0.21995192307692307