5 0.234375 0.6785130718954249 0.024509803921568627 0.00980392156862745
5 0.2613357843137255 0.6544117647058824 0.029411764705882353 0.008169934640522876
39 0.12944240196078433 0.6830065359477124 0.014399509803921568 0.007352941176470588
38 0.01639093137254902 0.6480800653594772 0.02971813725490196 0.023284313725490197
5 0.4068627450980392 0.670751633986928 0.02022058823529412 0.013888888888888888
39 0.4018075980392157 0.6421568627450981 0.018688725490196078 0.022058823529411766
4 0.5583639705882353 0.6913807189542484 0.03400735294117647 0.020016339869281044
38 0.6128982843137255 0.6891339869281046 0.0389093137254902 0.0196078431372549
38 0.5209865196078431 0.6864787581699346 0.045649509803921566 0.02165032679738562
47 0.5018382352941176 0.6444035947712419 0.015931372549019607 0.024918300653594773
47 0.6199448529411765 0.6235702614379085 0.013174019607843137 0.017565359477124183
46 0.6390931372549019 0.6466503267973857 0.01838235294117647 0.02287581699346405
46 0.6596200980392157 0.6799428104575164 0.029411764705882353 0.0494281045751634
46 0.7316176470588235 0.6915849673202614 0.03308823529411765 0.013071895424836602
46 0.7118566176470589 0.6560457516339869 0.02542892156862745 0.012254901960784314