16 0.18258927884615386 0.5190476282051282 0.1578125 0.20416666666666666
42 0.28571427884615386 0.4431547435897436 0.2453125 0.25833333333333336
45 0.6614955048076924 0.6431547435897436 0.0875 0.19166666666666668
30 0.8904017548076923 0.645238076923077 0.1640625 0.32916666666666666
40 0.6083705048076923 0.46502974358974364 0.071875 0.052083333333333336
40 0.4435267788461539 0.5462797435897436 0.0765625 0.08958333333333333
30 0.07008927884615385 0.4120535352564103 0.0796875 0.22291664743589742
41 0.2638392788461539 0.7266368910256411 0.1640625 0.2520833974358974
41 0.07946427968750001 0.6787202243589744 0.1546874983173077 0.2604167307692308
30 nan nan -inf -inf
40 0.4044642788461539 0.46681541666666665 0.0609375 0.13541666666666666
38 0.8482142548076922 0.6691963782051281 0.3015624999999999 0.5693452564102565
41 0.5122767668269231 0.7872023397435898 0.20468747596153847 0.15833333333333333
31 0.5091517668269231 0.6559523557692308 0.12968747596153846 0.14166663461538462
31 0.35290177884615387 0.8122023397435898 0.0734375 0.075
41 0.6521205048076923 0.8351190064102564 0.246875 0.19166666666666668
30 0.39508926682692314 0.7476190224358975 0.19531247596153847 0.20416663461538462
33 0.5286830168269231 0.6236606891025641 0.08749997596153847 0.08958330128205129
33 0.4357142668269231 0.7840773397435897 0.13281247596153847 0.11458333333333333
42 0.29743302884615386 0.6061011538461538 0.103125 0.07708333333333334
29 0.16462052884615386 0.6154761538461538 0.05 0.05
39 0.14508927884615386 0.7677083333333333 0.1234375 0.11458333333333333