12 0.25737179487179485 0.19134615384615383 0.06762820512820512 0.047115384615384615
12 0.04775641025641025 0.2706730769230769 0.07628205128205129 0.047596153846153844
4 0.09503205128205128 0.3605769230769231 0.12884615384615383 0.05336538461538461
16 0.4735576923076923 0.528485576923077 0.3060897435897436 0.165625
10 0.46121794871794874 0.9707932692307693 0.05096153846153846 0.05793269230769231
17 0.2482371794871795 0.8930288461538461 0.22275641025641027 0.1735576923076923
12 0.6328525641025641 0.3836538461538462 0.05448717948717949 0.05913461538461538
12 0.4407051282051282 0.3661057692307692 0.07948717948717948 0.03990384615384615
28 0.9668269230769231 0.39134615384615384 0.028205128205128206 0.020673076923076922
40 0.7139423076923077 0.22283653846153847 0.05929487179487179 0.041346153846153845
28 0.5575320512820513 0.24098557692307693 0.026282051282051282 0.013221153846153846
31 0.32035256410256413 0.31286057692307695 0.027243589743589744 0.024759615384615383
12 0.7334935897435897 0.04579326923076923 0.06153846153846154 0.024759615384615383
12 0.6282051282051282 0.13389423076923077 0.04294871794871795 0.05048076923076923