6 0.5161458333333333 0.75068359375 0.11979166666666667 0.1962890625
6 0.3768229166666666 0.82177734375 0.1653645833333333 0.1357421875
6 0.2944661458333333 0.775146484375 0.16080729166666663 0.04541015625
6 0.4383463541666666 0.6390625 0.146484375 0.0546875
6 0.22545572916666667 0.44902347167968754 0.150390625 0.11328127929687504
6 0.2791666666666666 0.47846679687500004 0.15885416666666663 0.06787109375000006
12 0.6343098958333333 0.5210449560546875 0.111328125 0.09814456054687504
6 0.18932291341145835 0.405712890625 0.15885417317708334 0.10302734375
47 0.268098955078125 0.634912109375 0.28125000651041665 0.14697265625
20 0.6128255208333333 0.20229492187499998 0.099609375 0.12646484374999997
47 0.7329427083333333 0.231591796875 0.2955729166666667 0.27783203125
40 0.391796875 0.34394531250000004 0.25781249999999994 0.28203125
55 0.5558593749999999 0.418798828125 0.1796875 0.08642578125
21 0.3192057291666666 0.5286133154296875 0.1360677083333333 0.06835940429687504
33 0.20332031250000002 0.536669970703125 0.18294270833333334 0.06982421875