42 0.5903645833333333 0.16958007568359373 0.13541666666666666 0.1733398486328125
5 0.6186848958333333 0.82109375 0.216796875 0.1630859375
7 0.7111328124999999 0.942138671875 0.046223958333333336 0.02392578125
42 0.6229166666666667 0.412646484375 0.2565104166666667 0.13623046875
5 0.75557 0.25108506591796875 0.205729140625 0.1474609228515625
42 0.8519241536458333 0.7861328125 0.11653645833333333 0.08984375
33 0.4055266276041667 0.522976328125 0.2291666666666667 0.17919919921875
47 0.4922598307291666 0.708523193359375 0.111328125 0.08837890625
42 0.63075087890625 0.545003271484375 0.09309902343749998 0.10498046875
42 0.6822555208333334 0.613796630859375 0.09895835937500001 0.09716796875
42 0.601743359375 0.54958765625 0.08022278645833336 0.22753904296875
42 0.7531828776041666 0.527045361328125 0.2115885416666666 0.16357421874999994
7 0.8160807291666666 0.227457685546875 0.035807291666666664 0.02783203125