28 0.2091600529100529 0.6641865079365079 0.030753968253968252 0.018353174603174604
28 0.2728174603174603 0.328125 0.017857142857142856 0.00744047619047619
9 0.5413359788359788 0.4955357142857143 0.03835978835978836 0.01984126984126984
9 0.43915343915343913 0.4983878968253968 0.016534391534391533 0.021577380952380952
9 0.2838955026455027 0.564484126984127 0.028769841269841268 0.017361111111111112
9 0.4138558201058201 0.5321180555555556 0.03802910052910053 0.020089285714285716
9 0.613260582010582 0.5169890873015873 0.021494708994708994 0.014632936507936508
9 0.6574074074074074 0.5089285714285714 0.021164021164021163 0.01488095238095238
9 0.6512896825396826 0.5217013888888888 0.008267195767195767 0.011160714285714286
9 0.6701388888888888 0.5248015873015873 0.02017195767195767 0.009424603174603174
52 0.6066468253968254 0.9448164682539683 0.045965608465608467 0.028025793650793652
52 0.16121031746031747 0.9269593253968254 0.04794973544973545 0.029017857142857144
52 0.5949074074074074 0.8303571428571429 0.010582010582010581 0.03670634920634921
52 0.2003968253968254 0.7504960317460317 0.04828042328042328 0.017361111111111112