55 0.69140625 0.9397786458333334 0.13916015625 0.039713541666666664
6 0.829833984375 0.6298828125 0.11279296875 0.09049479166666667
5 0.6904296875 0.5022786458333334 0.07275390625 0.119140625
24 0.306884765625 0.3756510416666667 0.05615234375 0.045572916666666664
5 0.71826171875 0.5921223958333334 0.123046875 0.06966145833333333
47 0.340087890625 0.26171875 0.044921875 0.0546875
21 0.229736328125 0.3199869791666667 0.0439453125 0.046223958333333336
29 0.67138671875 0.22493489583333334 0.02587890625 0.027994791666666668
29 0.793212890625 0.32421875 0.02490234375 0.037760416666666664
24 0.511962890625 0.3805338541666667 0.0234375 0.044921875
40 0.8583984375 0.68359375 0.1884765625 0.10026041666666667
