27 0.1978081597222222 0.3353587962962963 0.12413194444444445 0.11689814814814815
51 0.2508680555555556 0.23741319444444445 0.23046875 0.15943287037037038
51 0.3076171875 0.23206018518518517 0.0720486111111111 0.052083333333333336
51 0.2263454861111111 0.21339699074074073 0.047309027777777776 0.0703125
51 0.2875434027777778 0.15711805555555555 0.0666232638888889 0.037037037037037035
51 0.2838541666666667 0.17057291666666666 0.1267361111111111 0.08246527777777778
51 0.24500868055555555 0.21744791666666666 0.08051215277777778 0.05063657407407408
51 0.3989800347222222 0.1349826388888889 0.11957465277777778 0.06741898148148148
51 0.3440755208333333 0.18460648148148148 0.11371527777777778 0.09953703703703703
53 0.7521701388888888 0.24406828703703703 0.193359375 0.19936342592592593
49 0.7273220486111112 0.5717592592592593 0.10785590277777778 0.20081018518518517
29 0.6077473958333334 0.6005497685185185 0.07769097222222222 0.051215277777777776
9 0.5391710069444444 0.6762152777777778 0.07313368055555555 0.09085648148148148
29 0.4694010416666667 0.6572627314814815 0.046223958333333336 0.0697337962962963
29 0.4692925347222222 0.6099537037037037 0.032769097222222224 0.04513888888888889
29 0.4509548611111111 0.55078125 0.10004340277777778 0.08072916666666667
29 0.4997829861111111 0.5342881944444444 0.025607638888888888 0.0708912037037037
29 0.5406901041666666 0.5805844907407407 0.0234375 0.02228009259259259
29 0.5445963541666666 0.6100983796296297 0.03233506944444445 0.03501157407407408
29 0.5249565972222222 0.6115451388888888 0.014973958333333334 0.028645833333333332
29 0.4013671875 0.2834201388888889 0.107421875 0.07552083333333333
29 0.3117404513888889 0.3016493055555556 0.068359375 0.08362268518518519
49 0.408203125 0.3414351851851852 0.10199652777777778 0.11053240740740741
29 0.5718315972222222 0.43851273148148145 0.05685763888888889 0.08940972222222222
29 0.5163845486111112 0.42578125 0.034505208333333336 0.03153935185185185
27 0.3095703125 0.40263310185185186 0.032769097222222224 0.04137731481481482
27 0.2982855902777778 0.43735532407407407 0.034505208333333336 0.04774305555555555
27 0.2904730902777778 0.48582175925925924 0.03407118055555555 0.04456018518518518
27 0.3433159722222222 0.4613715277777778 0.04210069444444445 0.04369212962962963
27 0.3447265625 0.4153645833333333 0.030598958333333332 0.04369212962962963
27 0.3681640625 0.42549189814814814 0.026692708333333332 0.044849537037037035
27 0.4956597222222222 0.47453703703703703 0.024305555555555556 0.027777777777777776
55 0.4652777777777778 0.7721354166666666 0.2521701388888889 0.09577546296296297
49 0.6534288194444444 0.7278645833333334 0.1193576388888889 0.0685763888888889
49 0.6384548611111112 0.6853298611111112 0.09114583333333333 0.03732638888888889
40 0.5684678819444444 0.18113425925925927 0.2567274305555556 0.16203703703703703
29 0.5631510416666666 0.34056712962962965 0.01953125 0.022569444444444444
29 0.5143229166666666 0.2925347222222222 0.08940972222222222 0.10416666666666667
29 0.44921875 0.24739583333333334 0.059895833333333336 0.05092592592592592
49 0.18565538194444445 0.5811631944444444 0.1013454861111111 0.05931712962962963
49 0.3004557291666667 0.7637442129629629 0.1330295138888889 0.15711805555555555
49 0.3500434027777778 0.7219328703703703 0.11631944444444445 0.10300925925925926
29 0.5695529513888888 0.8544560185185185 0.20594618055555555 0.06018518518518518
29 0.6548394097222222 0.8094618055555556 0.1208767361111111 0.02459490740740741
49 0.4204644097222222 0.8236400462962963 0.2567274305555556 0.13049768518518517
52 0.3708767361111111 0.6244212962962963 0.08289930555555555 0.0920138888888889
52 0.3944227430555556 0.5763888888888888 0.07313368055555555 0.0931712962962963
29 0.3984375 0.5130208333333334 0.06293402777777778 0.03587962962962963
21 0.4130859375 0.44458912037037035 0.057942708333333336 0.09056712962962964
49 0.2508680555555556 0.46166087962962965 0.025173611111111112 0.20167824074074073
7 0.5567491319444444 0.5557002314814815 0.025824652777777776 0.04195601851851852
36 0.4278428819444444 0.3744212962962963 0.0666232638888889 0.06539351851851852
57 0.5560980902777778 0.4943576388888889 0.024088541666666668 0.03443287037037037
57 0.4778645833333333 0.4539930555555556 0.015190972222222222 0.02025462962962963
29 0.7057291666666666 0.3980034722222222 0.04470486111111111 0.13802083333333334
29 0.5159505208333334 0.5713252314814815 0.008897569444444444 0.04716435185185185
29 0.4818793402777778 0.3602430555555556 0.016276041666666668 0.03125
29 0.5290798611111112 0.3498263888888889 0.014322916666666666 0.023726851851851853
29 0.5035807291666666 0.40422453703703703 0.013237847222222222 0.013310185185185185
29 0.4831814236111111 0.4146412037037037 0.012803819444444444 0.016203703703703703
49 0.5915798611111112 0.32494212962962965 0.029513888888888888 0.03761574074074074
29 0.5711805555555556 0.2625868055555556 0.12109375 0.04079861111111111
29 0.4844835069444444 0.3090277777777778 0.028862847222222224 0.019097222222222224
29 0.498046875 0.36299189814814814 0.012152777777777778 0.014178240740740741
29 0.5087890625 0.3546006944444444 0.013237847222222222 0.009548611111111112
29 0.4930555555555556 0.39945023148148145 0.010850694444444444 0.007233796296296296
29 0.3654513888888889 0.4855324074074074 0.04774305555555555 0.041666666666666664
29 0.3133680555555556 0.4952256944444444 0.048177083333333336 0.05642361111111111
29 0.4216579861111111 0.48813657407407407 0.0681423611111111 0.04918981481481482
29 0.4408637152777778 0.41218171296296297 0.041015625 0.03501157407407408
29 0.5259331597222222 0.5134548611111112 0.033637152777777776 0.02806712962962963
29 0.6784939236111112 0.5209780092592593 0.030164930555555556 0.015335648148148149
51 0.4273003472222222 0.1886574074074074 0.057291666666666664 0.07118055555555555
37 0.6099175347222222 0.4678819444444444 0.039713541666666664 0.03761574074074074
29 0.6446397569444444 0.3951099537037037 0.1013454861111111 0.1953125
29 0.6324869791666666 0.41999421296296297 0.11783854166666667 0.11313657407407407