29 0.7433215725806451 0.23790322580645162 0.01940524193548387 0.024193548387096774
29 0.7370211693548387 0.9359879032258065 0.02242943548387097 0.062163978494623656
29 0.6287802419354839 0.694388440860215 0.006048387096774193 0.011760752688172043
29 0.4639616935483871 0.712869623655914 0.006048387096774193 0.011760752688172043
29 0.4285534274193548 0.6327284946236559 0.020917338709677418 0.02956989247311828
29 0.3460181451612903 0.6370967741935484 0.00655241935483871 0.009408602150537635
29 0.2696572580645161 0.932627688172043 0.008568548387096774 0.01310483870967742
29 0.1344506048387097 0.813508064516129 0.023941532258064516 0.05174731182795699
29 0.7266885080645161 0.29653897849462363 0.011844758064516129 0.009744623655913979
55 0.40423387096774194 0.552755376344086 0.061995967741935484 0.06653225806451613
29 0.6977066532258065 0.5767809139784946 0.0078125 0.009744623655913979
