20 0.5070281124497992 0.39194277108433734 0.10040160642570281 0.051957831325301206
20 0.5493641231593038 0.38667168674698793 0.03313253012048193 0.04555722891566265
55 0.45917001338688085 0.5532756024096386 0.04216867469879518 0.013177710843373495
55 0.49113119143239625 0.4897402108433735 0.043842034805890225 0.013365963855421686
20 0.5828313253012049 0.6829819277108434 0.1388888888888889 0.08019578313253012
32 0.9578313253012049 0.8976844879518072 0.07095046854082998 0.01901355421686747
55 0.6181392235609103 0.6394013554216867 0.02610441767068273 0.025414156626506024
55 0.6857429718875502 0.9134977409638554 0.03547523427041499 0.024284638554216868
55 0.5426706827309237 0.6007153614457831 0.035140562248995984 0.015060240963855422
55 0.28413654618473894 0.10777484939759036 0.024096385542168676 0.0035768072289156625
55 0.6397255689424364 0.9897402108433735 0.05187416331994645 0.018637048192771084
